78 48
30 47
56 79
61 48
28 61
29 91
48 71
47 43
78 63
27 94
88 79
60 74
26 90
62 57
37 49
68 38
78 36
89 38
56 28
54 29
35 66
67 25
67 93
79 90
88 78
66 78
46 77
61 86
58 77
74 86
55 40
99 81
90 69
27 50
72 98
70 65
52 43
84 53
89 50
35 48
64 61
51 70
95 75
63 68
40 32
73 70
97 38
81 53
58 51
45 30
57 76
36 45
75 47
58 70
92 91
64 85
67 55
80 59
60 77
79 83
43 42
45 88
72 77
61 51
68 62
57 78
38 52
41 57
73 89
66 27
25 43
38 25
59 45
45 91
34 79
73 36
66 59
50 63
33 96
66 70
29 71
72 60
71 54
87 52
44 66
44 75
78 80
62 44
65 58
95 81
76 92
62 34
34 83
69 62
47 73
84 79
